57801
54626
374946
978
864
79000
2134
NA
81493
63967
55143
26508
991
11004
57643
8438
1031
2060
4998
4774
55635
81849
23566
9635
2633
2634
9411
1266
163404
84722
128344
284467
54855
26227
653820
554282
388677
2209
8991
1163
128239
912
9722
400793
8490
83540
8995
60676
23127
83872
10216
5743
5321
339479
64407
8707
259266
2494
9928
23046
1465
25802
11009
9214
50486
3290
255928
4751
51514
79805
1063
142
57568
9156
57116
6241
3754
9687
151354
130497
1058
2355
81606
25780
51232
10602
25927
400961
56603
6869
23397
11320
11138
200407
3554
8808
9173
8809
84620
7851
699
150468
3552
3553
55679
2863
NA
4175
53353
8942
NA
7130
4929
115677
57405
83879
10203
100652824
150864
2825
580
1674
23704
7857
NA
4880
3635
55355
152330
132014
2177
NA
23066
151648
152110
NA
93
165904
56992
10293
NA
25886
8309
NA
2042
22989
57650
NA
10721
11343
79825
668
401089
5922
NA
9435
116931
285313
13
5028
4311
401097
151742
5010
57709
54800
200879
116832
3280
131583
375387
10460
339983
27065
54360
64151
9353
80008
285429
386617
2555
2557
100288413
65997
3791
84525
23284
2044
174
3576
6372
2919
6374
2921
2920
2069
374
25849
306
2250
NA
9429
285513
6622
1062
27123
51176
890
10252
10733
84709
83894
1909
10586
84057
50859
11199
132851
140458
55247
79682
7098
6550
9319
85409
NA
54491
10923
5618
2668
2690
167359
11082
55789
891
64946
8293
10788
2150
79772
167227
51334
4001
28965
10112
995
56144
NA
56133
56132
56127
56125
153769
79628
NA
348938
1879
147
114898
9232
3161
NA
54492
94234
54898
10486
6659
NA
NA
8345
6941
3109
3833
2914
54887
10231
27242
NA
NA
577
56479
7272
58528
2045
NA
639
202
222553
84870
5167
64577
80177
NA
26575
28514
NA
221981
3569
3201
3202
168667
54443
273
29881
3486
168507
7784
7980
2791
5166
1780
440
NA
NA
5649
7472
3751
51384
NA
NA
4232
389558
9162
6916
3757
7516
3638
6469
54892
25878
NA
NA
2925
10389
NA
4128
9754
24137
26548
54821
203430
56062
57526
402415
2491
139221
84443
1288
1287
7224
10178
10046
5973
285
389610
NA
NA
6781
157313
157570
55872
7976
1846
3084
NA
56892
5327
1392
8989
23462
55824
2167
245972
NA
94241
3788
55638
114788
114569
654463
10221
137835
6503
NA
7436
4781
92949
340485
1030
63951
441459
9833
219
NA
256691
2650
158471
29968
64078
2619
195828
1515
7111
8013
8727
9966
5069
7185
26740
26219
158131
89958
11187
81285
117854
338322
7275
22800
797
387755
79733
89797
4005
26298
387763
143678
11251
220001
NA
10313
113130
266743
NA
55107
7351
283209
NA
220042
54843
60494
387804
23052
143686
NA
330
4319
4314
4322
80310
2893
2977
NA
NA
NA
NA
6876
4013
80071
3762
219833
1645
55388
8516
143098
983
219623
84665
5328
84293
11155
387700
9585
3832
55165
84171
83401
118980
NA
1308
26033
2674
92565
5791
4288
93589
2305
7004
10635
3902
83461
6515
969
55359
NA
NA
5139
3764
10060
6489
160492
5744
441631
1663
5318
1272
84216
10024
338761
29127
94
160622
3850
9700
5557
83729
2735
22822
374462
55117
144448
84125
56899
51019
160428
11153
23603
11113
387893
NA
221150
387914
6541
84935
NA
675
90634
386618
26586
81624
1602
79866
1910
84189
55608
5106
29091
9472
64067
5427
5732
10979
1033
9787
27133
9495
8110
NA
9369
1734
145508
51676
57718
NA
8788
100288637
9824
NA
11245
90427
701
57082
5888
54567
11339
51203
7301
79968
440279
9133
NA
771
9768
197021
9493
NA
NA
8482
1543
11173
NA
9055
8786
4917
64063
9088
2903
4629
NA
79838
5347
50615
NA
79801
85407
6299
4494
4501
6376
4324
NA
146433
794
3294
NA
51659
2175
54478
643664
23135
9212
64518
NA
10615
2123
91607
1440
990
7153
83895
81851
NA
730755
3885
3866
3880
9001
NA
146909
9020
80320
146956
55771
83990
81033
9120
23460
6752
94015
55890
80022
353174
114757
7083
332
7298
10403
79822
147495
63895
4864
64762
29906
220134
5874
80323
5205
147372
596
79839
147381
201456
NA
83959
146
650
NA
63926
55304
9837
22974
85366
NA
NA
81610
9935
4605
57158
3787
11065
55959
6615
140876
84612
4773
128553
55816
6790
7022
25759
126326
85300
8744
256949
NA
93145
3383
147841
54
342979
55723
30817
23025
9518
80714
7757
NA
284403
8857
29785
558
390940
3783
2354
NA
162963
NA
NA
5794
3589
729956
NA
NA
8318
29799
8508
NA
4174
3761
646851
9582
NA
5155
2847
79019
NA
51512
79924
102723996
11096
6526
3763
3772
NA
1826
9619
54020
NA
